crossing time (s)	slope (V/s)	crossing number
281474976710655.000000	134.427902	1756	0.000000
281474976710655.000000	146.838623	1757	0.000000
281474976710655.000000	139.903458	1758	0.000000
281474976710655.000000	132.338898	1759	0.000000
281474976710655.000000	Inf	1760	0.000000
281474976710655.000000	64.337318	1761	0.000000
281474976710655.000000	124.362823	1762	0.000000
281474976710655.000000	Inf	1763	0.000000
281474976710655.000000	111.342773	1764	0.000000
281474976710655.000000	123.080582	1765	0.000000
281474976710655.000000	123.573608	1766	0.000000
281474976710655.000000	Inf	1767	0.000000
281474976710655.000000	113.164230	1768	0.000000
281474976710655.000000	Inf	1769	0.000000
281474976710655.000000	108.277359	1770	0.000000
281474976710655.000000	102.476845	1771	0.000000
281474976710655.000000	103.776726	1772	0.000000
281474976710655.000000	92.300957	1773	0.000000
281474976710655.000000	94.286362	1774	0.000000
281474976710655.000000	100.989578	1775	0.000000
281474976710655.000000	89.277817	1776	0.000000
281474976710655.000000	86.448830	1777	0.000000
281474976710655.000000	83.781754	1778	0.000000
281474976710655.000000	84.300476	1779	0.000000
281474976710655.000000	38.671883	1780	0.000000
281474976710655.000000	74.821800	1781	0.000000
281474976710655.000000	37.738747	1782	0.000000
281474976710655.000000	72.504288	1783	0.000000
281474976710655.000000	69.661537	1784	0.000000
281474976710655.000000	69.680244	1785	0.000000
281474976710655.000000	Inf	1786	0.000000
281474976710655.000000	68.739731	1787	0.000000
281474976710655.000000	65.231796	1788	0.000000
281474976710655.000000	63.573879	1789	0.000000
281474976710655.000000	62.007866	1790	0.000000
281474976710655.000000	42.621334	1791	0.000000
281474976710655.000000	54.719315	1792	0.000000
281474976710655.000000	47.348553	1793	0.000000
281474976710655.000000	38.503620	1794	0.000000
281474976710655.000000	54.147675	1795	0.000000
281474976710655.000000	52.456337	1796	0.000000
281474976710655.000000	48.791988	1797	0.000000
281474976710655.000000	53.227390	1798	0.000000
281474976710655.000000	56.763107	1799	0.000000
281474976710655.000000	36.229111	1800	0.000000
281474976710655.000000	49.626450	1801	0.000000
281474976710655.000000	44.601364	1802	0.000000
281474976710655.000000	41.310810	1803	0.000000
281474976710655.000000	41.338825	1804	0.000000
281474976710655.000000	34.115757	1805	0.000000
281474976710655.000000	36.568970	1806	0.000000
281474976710655.000000	44.531471	1807	0.000000
281474976710655.000000	35.668598	1808	0.000000
281474976710655.000000	35.488388	1809	0.000000
281474976710655.000000	40.123058	1810	0.000000
281474976710655.000000	29.407255	1811	0.000000
281474976710655.000000	31.596436	1812	0.000000
281474976710655.000000	26.766573	1813	0.000000
281474976710655.000000	30.028961	1814	0.000000
281474976710655.000000	28.642405	1815	0.000000
281474976710655.000000	28.171356	1816	0.000000
281474976710655.000000	25.211573	1817	0.000000
281474976710655.000000	24.638708	1818	0.000000
281474976710655.000000	24.202353	1819	0.000000
281474976710655.000000	24.864285	1820	0.000000
281474976710655.000000	23.203831	1821	0.000000
281474976710655.000000	20.405155	1822	0.000000
281474976710655.000000	21.776731	1823	0.000000
281474976710655.000000	20.408649	1824	0.000000
281474976710655.000000	19.927904	1825	0.000000
281474976710655.000000	19.124008	1826	0.000000
281474976710655.000000	19.312138	1827	0.000000
281474976710655.000000	17.737520	1828	0.000000
281474976710655.000000	17.604542	1829	0.000000
281474976710655.000000	17.223886	1830	0.000000
281474976710655.000000	16.985392	1831	0.000000
281474976710655.000000	16.104168	1832	0.000000
281474976710655.000000	15.656657	1833	0.000000
281474976710655.000000	14.808652	1834	0.000000
281474976710655.000000	14.019613	1835	0.000000
281474976710655.000000	14.453157	1836	0.000000
281474976710655.000000	13.116281	1837	0.000000
281474976710655.000000	13.734683	1838	0.000000
281474976710655.000000	12.454870	1839	0.000000
281474976710655.000000	12.267645	1840	0.000000
281474976710655.000000	12.137172	1841	0.000000
