crossing time (s)	slope (V/s)	crossing number
281474976710655.000000	Inf	1115	0.000000
281474976710655.000000	Inf	1116	0.000000
281474976710655.000000	Inf	1117	0.000000
281474976710655.000000	Inf	1118	0.000000
281474976710655.000000	Inf	1119	0.000000
281474976710655.000000	Inf	1120	0.000000
281474976710655.000000	Inf	1121	0.000000
281474976710655.000000	174.792480	1122	0.000000
281474976710655.000000	Inf	1123	0.000000
281474976710655.000000	Inf	1124	0.000000
281474976710655.000000	79.123459	1125	0.000000
281474976710655.000000	Inf	1126	0.000000
281474976710655.000000	Inf	1127	0.000000
281474976710655.000000	143.390457	1128	0.000000
281474976710655.000000	139.201111	1129	0.000000
281474976710655.000000	138.858612	1130	0.000000
281474976710655.000000	129.447800	1131	0.000000
281474976710655.000000	128.497772	1132	0.000000
281474976710655.000000	137.852829	1133	0.000000
281474976710655.000000	124.597565	1134	0.000000
281474976710655.000000	119.072739	1135	0.000000
281474976710655.000000	109.031898	1136	0.000000
281474976710655.000000	Inf	1137	0.000000
281474976710655.000000	109.989708	1138	0.000000
281474976710655.000000	95.641464	1139	0.000000
281474976710655.000000	101.000282	1140	0.000000
281474976710655.000000	95.125595	1141	0.000000
281474976710655.000000	Inf	1142	0.000000
281474976710655.000000	43.976059	1143	0.000000
281474976710655.000000	60.974728	1144	0.000000
281474976710655.000000	43.357819	1145	0.000000
281474976710655.000000	75.218323	1146	0.000000
281474976710655.000000	50.570919	1147	0.000000
281474976710655.000000	76.738846	1148	0.000000
281474976710655.000000	66.322220	1149	0.000000
281474976710655.000000	43.993790	1150	0.000000
281474976710655.000000	67.619972	1151	0.000000
281474976710655.000000	66.319328	1152	0.000000
281474976710655.000000	55.375549	1153	0.000000
281474976710655.000000	45.264576	1154	0.000000
281474976710655.000000	64.571945	1155	0.000000
281474976710655.000000	54.685062	1156	0.000000
281474976710655.000000	47.663113	1157	0.000000
281474976710655.000000	50.656929	1158	0.000000
281474976710655.000000	47.278419	1159	0.000000
281474976710655.000000	44.390217	1160	0.000000
281474976710655.000000	43.034115	1161	0.000000
281474976710655.000000	46.641632	1162	0.000000
281474976710655.000000	39.469723	1163	0.000000
281474976710655.000000	35.857857	1164	0.000000
281474976710655.000000	39.932446	1165	0.000000
281474976710655.000000	33.037884	1166	0.000000
281474976710655.000000	30.251284	1167	0.000000
281474976710655.000000	35.214333	1168	0.000000
281474976710655.000000	27.667490	1169	0.000000
281474976710655.000000	27.951698	1170	0.000000
281474976710655.000000	26.206007	1171	0.000000
281474976710655.000000	26.014688	1172	0.000000
281474976710655.000000	24.715300	1173	0.000000
281474976710655.000000	24.710861	1174	0.000000
281474976710655.000000	24.687050	1175	0.000000
281474976710655.000000	22.722204	1176	0.000000
281474976710655.000000	20.013809	1177	0.000000
