crossing time (s)	slope (V/s)	crossing number
281474976710655.000000	Inf	4384	0.000000
281474976710655.000000	Inf	4385	0.000000
281474976710655.000000	Inf	4386	0.000000
281474976710655.000000	168.990067	4387	0.000000
281474976710655.000000	Inf	4388	0.000000
281474976710655.000000	Inf	4389	0.000000
281474976710655.000000	165.235687	4390	0.000000
281474976710655.000000	161.148926	4391	0.000000
281474976710655.000000	Inf	4392	0.000000
281474976710655.000000	161.328705	4393	0.000000
281474976710655.000000	Inf	4394	0.000000
281474976710655.000000	155.784241	4395	0.000000
281474976710655.000000	Inf	4396	0.000000
281474976710655.000000	164.655197	4397	0.000000
281474976710655.000000	Inf	4398	0.000000
281474976710655.000000	77.532318	4399	0.000000
281474976710655.000000	Inf	4400	0.000000
281474976710655.000000	154.026382	4401	0.000000
281474976710655.000000	Inf	4402	0.000000
281474976710655.000000	Inf	4403	0.000000
281474976710655.000000	143.188644	4404	0.000000
281474976710655.000000	Inf	4405	0.000000
281474976710655.000000	75.427475	4406	0.000000
281474976710655.000000	150.453629	4407	0.000000
281474976710655.000000	Inf	4408	0.000000
281474976710655.000000	Inf	4409	0.000000
281474976710655.000000	150.727707	4410	0.000000
281474976710655.000000	Inf	4411	0.000000
281474976710655.000000	135.247208	4412	0.000000
281474976710655.000000	71.372185	4413	0.000000
281474976710655.000000	Inf	4414	0.000000
281474976710655.000000	Inf	4415	0.000000
281474976710655.000000	130.627991	4416	0.000000
281474976710655.000000	137.745239	4417	0.000000
281474976710655.000000	Inf	4418	0.000000
281474976710655.000000	Inf	4419	0.000000
281474976710655.000000	125.049103	4420	0.000000
281474976710655.000000	Inf	4421	0.000000
281474976710655.000000	67.053658	4422	0.000000
281474976710655.000000	Inf	4423	0.000000
281474976710655.000000	Inf	4424	0.000000
281474976710655.000000	Inf	4425	0.000000
281474976710655.000000	134.978287	4426	0.000000
281474976710655.000000	130.289185	4427	0.000000
281474976710655.000000	124.606987	4428	0.000000
281474976710655.000000	121.540390	4429	0.000000
281474976710655.000000	127.393600	4430	0.000000
281474976710655.000000	108.564590	4431	0.000000
281474976710655.000000	Inf	4432	0.000000
281474976710655.000000	121.708870	4433	0.000000
281474976710655.000000	62.333828	4434	0.000000
281474976710655.000000	113.309654	4435	0.000000
281474976710655.000000	125.148232	4436	0.000000
281474976710655.000000	60.645191	4437	0.000000
281474976710655.000000	113.923065	4438	0.000000
281474976710655.000000	Inf	4439	0.000000
281474976710655.000000	107.108665	4440	0.000000
281474976710655.000000	105.273552	4441	0.000000
281474976710655.000000	116.826111	4442	0.000000
281474976710655.000000	115.143463	4443	0.000000
281474976710655.000000	110.892410	4444	0.000000
281474976710655.000000	70.227486	4445	0.000000
281474976710655.000000	106.357330	4446	0.000000
281474976710655.000000	109.540016	4447	0.000000
281474976710655.000000	102.628296	4448	0.000000
281474976710655.000000	113.053192	4449	0.000000
281474976710655.000000	198.829956	4450	0.000000
281474976710655.000000	50.292706	4451	0.000000
281474976710655.000000	97.639214	4452	0.000000
281474976710655.000000	91.845299	4453	0.000000
281474976710655.000000	Inf	4454	0.000000
281474976710655.000000	67.507446	4455	0.000000
281474976710655.000000	94.837822	4456	0.000000
281474976710655.000000	104.409676	4457	0.000000
281474976710655.000000	95.349136	4458	0.000000
281474976710655.000000	94.676208	4459	0.000000
281474976710655.000000	87.948349	4460	0.000000
281474976710655.000000	Inf	4461	0.000000
281474976710655.000000	Inf	4462	0.000000
281474976710655.000000	92.555603	4463	0.000000
281474976710655.000000	89.386559	4464	0.000000
281474976710655.000000	88.994026	4465	0.000000
281474976710655.000000	88.986832	4466	0.000000
281474976710655.000000	87.682945	4467	0.000000
281474976710655.000000	41.941463	4468	0.000000
281474976710655.000000	42.326477	4469	0.000000
281474976710655.000000	81.568626	4470	0.000000
281474976710655.000000	57.853382	4471	0.000000
281474976710655.000000	75.762642	4472	0.000000
281474976710655.000000	82.801170	4473	0.000000
281474976710655.000000	79.673698	4474	0.000000
281474976710655.000000	79.254852	4475	0.000000
281474976710655.000000	56.226624	4476	0.000000
281474976710655.000000	85.583969	4477	0.000000
281474976710655.000000	75.353737	4478	0.000000
281474976710655.000000	170.413681	4479	0.000000
281474976710655.000000	77.719536	4480	0.000000
281474976710655.000000	77.326309	4481	0.000000
281474976710655.000000	138.864929	4482	0.000000
281474976710655.000000	117.761955	4483	0.000000
281474976710655.000000	34.261669	4484	0.000000
281474976710655.000000	73.569855	4485	0.000000
281474976710655.000000	71.034668	4486	0.000000
281474976710655.000000	49.976295	4487	0.000000
281474976710655.000000	150.363663	4488	0.000000
281474976710655.000000	78.327972	4489	0.000000
281474976710655.000000	72.785278	4490	0.000000
281474976710655.000000	73.048210	4491	0.000000
281474976710655.000000	109.377739	4492	0.000000
281474976710655.000000	71.329056	4493	0.000000
281474976710655.000000	63.915482	4494	0.000000
281474976710655.000000	67.838921	4495	0.000000
281474976710655.000000	66.474693	4496	0.000000
281474976710655.000000	66.628059	4497	0.000000
281474976710655.000000	66.432243	4498	0.000000
281474976710655.000000	46.841396	4499	0.000000
281474976710655.000000	65.137917	4500	0.000000
281474976710655.000000	55.680130	4501	0.000000
281474976710655.000000	59.768684	4502	0.000000
281474976710655.000000	65.516258	4503	0.000000
281474976710655.000000	55.391045	4504	0.000000
281474976710655.000000	65.985092	4505	0.000000
281474976710655.000000	52.881157	4506	0.000000
281474976710655.000000	47.795547	4507	0.000000
281474976710655.000000	64.594070	4508	0.000000
281474976710655.000000	57.266102	4509	0.000000
281474976710655.000000	65.470314	4510	0.000000
281474976710655.000000	59.078686	4511	0.000000
281474976710655.000000	61.902012	4512	0.000000
281474976710655.000000	61.968025	4513	0.000000
281474976710655.000000	46.816803	4514	0.000000
281474976710655.000000	58.039265	4515	0.000000
281474976710655.000000	59.902924	4516	0.000000
281474976710655.000000	59.161503	4517	0.000000
281474976710655.000000	44.867523	4518	0.000000
281474976710655.000000	52.183407	4519	0.000000
281474976710655.000000	53.728233	4520	0.000000
281474976710655.000000	72.998840	4521	0.000000
281474976710655.000000	51.893597	4522	0.000000
281474976710655.000000	56.644421	4523	0.000000
281474976710655.000000	51.018684	4524	0.000000
281474976710655.000000	47.521549	4525	0.000000
281474976710655.000000	53.195160	4526	0.000000
281474976710655.000000	34.532486	4527	0.000000
281474976710655.000000	35.463913	4528	0.000000
281474976710655.000000	46.919720	4529	0.000000
281474976710655.000000	50.863415	4530	0.000000
281474976710655.000000	49.988735	4531	0.000000
281474976710655.000000	37.707893	4532	0.000000
281474976710655.000000	45.960526	4533	0.000000
281474976710655.000000	36.745033	4534	0.000000
281474976710655.000000	42.069286	4535	0.000000
281474976710655.000000	32.048447	4536	0.000000
281474976710655.000000	48.917770	4537	0.000000
281474976710655.000000	43.456722	4538	0.000000
281474976710655.000000	50.712559	4539	0.000000
281474976710655.000000	42.995983	4540	0.000000
281474976710655.000000	45.573185	4541	0.000000
281474976710655.000000	37.148624	4542	0.000000
281474976710655.000000	37.388725	4543	0.000000
281474976710655.000000	43.430698	4544	0.000000
281474976710655.000000	39.808792	4545	0.000000
281474976710655.000000	44.534416	4546	0.000000
281474976710655.000000	42.439793	4547	0.000000
281474976710655.000000	42.711418	4548	0.000000
281474976710655.000000	36.856800	4549	0.000000
281474976710655.000000	34.001129	4550	0.000000
281474976710655.000000	34.300774	4551	0.000000
281474976710655.000000	36.012024	4552	0.000000
281474976710655.000000	38.953674	4553	0.000000
281474976710655.000000	33.802303	4554	0.000000
281474976710655.000000	36.484154	4555	0.000000
281474976710655.000000	42.991581	4556	0.000000
281474976710655.000000	36.027710	4557	0.000000
281474976710655.000000	35.338329	4558	0.000000
281474976710655.000000	37.830196	4559	0.000000
281474976710655.000000	37.823990	4560	0.000000
281474976710655.000000	35.453930	4561	0.000000
281474976710655.000000	27.239485	4562	0.000000
281474976710655.000000	29.931890	4563	0.000000
281474976710655.000000	27.483908	4564	0.000000
281474976710655.000000	33.425159	4565	0.000000
281474976710655.000000	31.062223	4566	0.000000
281474976710655.000000	33.008904	4567	0.000000
281474976710655.000000	30.376581	4568	0.000000
281474976710655.000000	28.828468	4569	0.000000
281474976710655.000000	28.885485	4570	0.000000
281474976710655.000000	30.539440	4571	0.000000
281474976710655.000000	25.454567	4572	0.000000
281474976710655.000000	28.257412	4573	0.000000
281474976710655.000000	27.083744	4574	0.000000
281474976710655.000000	31.422083	4575	0.000000
281474976710655.000000	33.369915	4576	0.000000
281474976710655.000000	29.706917	4577	0.000000
281474976710655.000000	29.042280	4578	0.000000
281474976710655.000000	26.531672	4579	0.000000
281474976710655.000000	28.862791	4580	0.000000
281474976710655.000000	29.698612	4581	0.000000
281474976710655.000000	27.792532	4582	0.000000
281474976710655.000000	27.228987	4583	0.000000
281474976710655.000000	25.805319	4584	0.000000
281474976710655.000000	22.039595	4585	0.000000
281474976710655.000000	24.373426	4586	0.000000
281474976710655.000000	23.665531	4587	0.000000
281474976710655.000000	24.019896	4588	0.000000
281474976710655.000000	24.886198	4589	0.000000
281474976710655.000000	24.446741	4590	0.000000
281474976710655.000000	25.459269	4591	0.000000
281474976710655.000000	25.880753	4592	0.000000
281474976710655.000000	23.638309	4593	0.000000
281474976710655.000000	24.421646	4594	0.000000
281474976710655.000000	24.903038	4595	0.000000
281474976710655.000000	23.702684	4596	0.000000
281474976710655.000000	22.001053	4597	0.000000
281474976710655.000000	22.814598	4598	0.000000
281474976710655.000000	22.549236	4599	0.000000
281474976710655.000000	24.277124	4600	0.000000
281474976710655.000000	19.061302	4601	0.000000
281474976710655.000000	21.692043	4602	0.000000
281474976710655.000000	20.936592	4603	0.000000
281474976710655.000000	21.946459	4604	0.000000
281474976710655.000000	20.364340	4605	0.000000
281474976710655.000000	20.269508	4606	0.000000
281474976710655.000000	20.614365	4607	0.000000
281474976710655.000000	20.708246	4608	0.000000
281474976710655.000000	19.228901	4609	0.000000
281474976710655.000000	20.191961	4610	0.000000
281474976710655.000000	19.533712	4611	0.000000
281474976710655.000000	18.867138	4612	0.000000
281474976710655.000000	18.989244	4613	0.000000
281474976710655.000000	18.544313	4614	0.000000
281474976710655.000000	19.113014	4615	0.000000
281474976710655.000000	18.325798	4616	0.000000
281474976710655.000000	18.187742	4617	0.000000
281474976710655.000000	18.342125	4618	0.000000
281474976710655.000000	17.391109	4619	0.000000
281474976710655.000000	17.726450	4620	0.000000
281474976710655.000000	18.338747	4621	0.000000
281474976710655.000000	15.978216	4622	0.000000
281474976710655.000000	17.832649	4623	0.000000
281474976710655.000000	17.492525	4624	0.000000
281474976710655.000000	17.174059	4625	0.000000
281474976710655.000000	17.179438	4626	0.000000
281474976710655.000000	16.554865	4627	0.000000
281474976710655.000000	16.729734	4628	0.000000
281474976710655.000000	16.909136	4629	0.000000
281474976710655.000000	15.099328	4630	0.000000
281474976710655.000000	14.825707	4631	0.000000
