crossing time (s)	slope (V/s)	crossing number
281474976710655.000000	125.611038	2378	0.000000
281474976710655.000000	123.295189	2379	0.000000
281474976710655.000000	Inf	2380	0.000000
281474976710655.000000	123.115616	2381	0.000000
281474976710655.000000	127.502731	2382	0.000000
281474976710655.000000	125.961800	2383	0.000000
281474976710655.000000	112.809547	2384	0.000000
281474976710655.000000	Inf	2385	0.000000
281474976710655.000000	54.761570	2386	0.000000
281474976710655.000000	111.168327	2387	0.000000
281474976710655.000000	114.610641	2388	0.000000
281474976710655.000000	Inf	2389	0.000000
281474976710655.000000	105.201813	2390	0.000000
281474976710655.000000	103.168907	2391	0.000000
281474976710655.000000	99.743523	2392	0.000000
281474976710655.000000	96.906532	2393	0.000000
281474976710655.000000	Inf	2394	0.000000
281474976710655.000000	104.804390	2395	0.000000
281474976710655.000000	94.495537	2396	0.000000
281474976710655.000000	101.468391	2397	0.000000
281474976710655.000000	92.513283	2398	0.000000
281474976710655.000000	47.208069	2399	0.000000
281474976710655.000000	Inf	2400	0.000000
281474976710655.000000	41.354954	2401	0.000000
281474976710655.000000	46.447861	2402	0.000000
281474976710655.000000	88.132408	2403	0.000000
281474976710655.000000	173.175888	2404	0.000000
281474976710655.000000	166.275818	2405	0.000000
281474976710655.000000	43.388165	2406	0.000000
281474976710655.000000	41.337147	2407	0.000000
281474976710655.000000	80.591713	2408	0.000000
281474976710655.000000	84.214294	2409	0.000000
281474976710655.000000	84.306168	2410	0.000000
281474976710655.000000	78.066177	2411	0.000000
281474976710655.000000	78.101936	2412	0.000000
281474976710655.000000	75.139603	2413	0.000000
281474976710655.000000	144.049713	2414	0.000000
281474976710655.000000	72.154037	2415	0.000000
281474976710655.000000	74.063698	2416	0.000000
281474976710655.000000	154.414352	2417	0.000000
281474976710655.000000	71.567841	2418	0.000000
281474976710655.000000	72.066910	2419	0.000000
281474976710655.000000	66.104042	2420	0.000000
281474976710655.000000	64.877640	2421	0.000000
281474976710655.000000	63.584301	2422	0.000000
281474976710655.000000	61.210609	2423	0.000000
281474976710655.000000	64.881027	2424	0.000000
281474976710655.000000	96.824631	2425	0.000000
281474976710655.000000	49.381664	2426	0.000000
281474976710655.000000	47.396255	2427	0.000000
281474976710655.000000	90.660301	2428	0.000000
281474976710655.000000	42.420250	2429	0.000000
281474976710655.000000	54.211113	2430	0.000000
281474976710655.000000	62.499859	2431	0.000000
281474976710655.000000	54.839260	2432	0.000000
281474976710655.000000	50.077347	2433	0.000000
281474976710655.000000	34.605076	2434	0.000000
281474976710655.000000	44.968624	2435	0.000000
281474976710655.000000	47.823040	2436	0.000000
281474976710655.000000	40.798382	2437	0.000000
281474976710655.000000	51.124783	2438	0.000000
281474976710655.000000	55.710869	2439	0.000000
281474976710655.000000	37.064293	2440	0.000000
281474976710655.000000	36.760353	2441	0.000000
281474976710655.000000	47.045013	2442	0.000000
281474976710655.000000	39.396191	2443	0.000000
281474976710655.000000	56.949219	2444	0.000000
281474976710655.000000	58.054436	2445	0.000000
281474976710655.000000	52.078838	2446	0.000000
281474976710655.000000	42.528812	2447	0.000000
281474976710655.000000	44.413620	2448	0.000000
281474976710655.000000	49.995163	2449	0.000000
281474976710655.000000	46.623444	2450	0.000000
281474976710655.000000	35.005264	2451	0.000000
281474976710655.000000	44.702145	2452	0.000000
281474976710655.000000	39.877571	2453	0.000000
281474976710655.000000	56.260475	2454	0.000000
281474976710655.000000	34.009945	2455	0.000000
281474976710655.000000	33.148586	2456	0.000000
281474976710655.000000	38.683693	2457	0.000000
281474976710655.000000	40.148033	2458	0.000000
281474976710655.000000	36.340904	2459	0.000000
281474976710655.000000	29.541761	2460	0.000000
281474976710655.000000	27.848915	2461	0.000000
281474976710655.000000	32.775017	2462	0.000000
281474976710655.000000	28.919697	2463	0.000000
281474976710655.000000	33.108112	2464	0.000000
281474976710655.000000	28.644926	2465	0.000000
281474976710655.000000	28.319239	2466	0.000000
281474976710655.000000	25.238169	2467	0.000000
281474976710655.000000	33.750225	2468	0.000000
281474976710655.000000	28.126564	2469	0.000000
281474976710655.000000	31.205727	2470	0.000000
281474976710655.000000	30.436844	2471	0.000000
281474976710655.000000	28.379801	2472	0.000000
281474976710655.000000	29.757637	2473	0.000000
281474976710655.000000	24.511354	2474	0.000000
281474976710655.000000	23.388233	2475	0.000000
281474976710655.000000	25.199381	2476	0.000000
281474976710655.000000	23.455023	2477	0.000000
281474976710655.000000	25.501402	2478	0.000000
281474976710655.000000	24.467093	2479	0.000000
281474976710655.000000	25.107601	2480	0.000000
281474976710655.000000	23.783386	2481	0.000000
281474976710655.000000	21.593725	2482	0.000000
281474976710655.000000	21.579174	2483	0.000000
281474976710655.000000	21.619080	2484	0.000000
281474976710655.000000	22.445473	2485	0.000000
281474976710655.000000	21.612562	2486	0.000000
281474976710655.000000	21.598028	2487	0.000000
281474976710655.000000	21.239996	2488	0.000000
281474976710655.000000	21.527905	2489	0.000000
281474976710655.000000	19.521303	2490	0.000000
281474976710655.000000	19.328802	2491	0.000000
281474976710655.000000	20.564318	2492	0.000000
281474976710655.000000	18.390882	2493	0.000000
281474976710655.000000	18.803535	2494	0.000000
281474976710655.000000	17.901079	2495	0.000000
281474976710655.000000	17.736870	2496	0.000000
281474976710655.000000	17.791929	2497	0.000000
281474976710655.000000	17.390522	2498	0.000000
281474976710655.000000	16.498732	2499	0.000000
281474976710655.000000	16.742376	2500	0.000000
281474976710655.000000	15.713675	2501	0.000000
281474976710655.000000	15.247933	2502	0.000000
281474976710655.000000	16.044811	2503	0.000000
281474976710655.000000	15.846318	2504	0.000000
281474976710655.000000	15.470512	2505	0.000000
281474976710655.000000	13.975156	2506	0.000000
281474976710655.000000	14.604332	2507	0.000000
281474976710655.000000	14.066131	2508	0.000000
281474976710655.000000	13.144176	2509	0.000000
281474976710655.000000	12.309950	2510	0.000000
281474976710655.000000	13.415435	2511	0.000000
281474976710655.000000	12.392194	2512	0.000000
281474976710655.000000	12.799544	2513	0.000000
281474976710655.000000	12.779428	2514	0.000000
281474976710655.000000	12.209094	2515	0.000000
281474976710655.000000	12.055123	2516	0.000000
